10752
101927193
101927215
27255
152330
100873976
3568
51095
51185
285362
57633
6419
100996539
3708
100126791
100507582
8553
55207
9695
100616334
101927347
100996542
2917
101927394
100288428
29995
29931
51066
79315
859
5021
102465854
56852
9901
101927416
100288831
101930660
440944
25917
55209
375323
64419
151835
7862
4968
8536
10474
10093
100526693
10093
26140
285367
63924
84522
132014
84818
78987
285368
100874032
55831
442075
152302
2177
115795
55845
7428
3656
9797
84657
51738
100126793
6396
491
100422933
100126334
285370
6538
6529
100874090
3269
10533
9686
132001
7079
5468
80746
100129480
23609
5894
55287
23066
6161
619563
9922
23225
79885
2199
285375
7476
100132526
131474
79188
7508
27258
101927565
6533
51244
84077
152274
152273
100505641
7182
64432
64145
344875
23473
100505696
9467
131965
85403
8292
100422868
26061
686
23243
100422990
693148
117248
285381
92106
23180
100996597
1618
23228
100500913
9779
6304
101929587
101927805
101927777
131096
100616291
151651
5868
151649
8850
100422901
151648
100874028
101927829
391518
79750
7325
7324
28512
6138
9975
152024
7068
644990
100616448
5915
7155
100616477
55768
54995
116135
152110
9497
8320
100996624
152100
64343
152098
645206
100873979
27303
101928015
7048
339896
201595
114884
100874206
344787
23171
152189
112616
54918
51143
25904
131405
1233
643853
2720
643853
100653071
10491
26032
25827
7342
23122
10015
101929859
10777
406916
6769
85443
9881
9852
4292
9209
2803
339883
3680
101928187
101928153
10217
407015
50853
5333
9940
30
4615
9943
9390
9389
9942
100128640
93
9941
6331
6336
11280
57599
64689
199223
64651
165904
1524
1237
54977
574040
6044
3921
574040
4336
25924
10289
285266
956
9045
285267
253639
285268
1499
54986
22906
885
131375
7433
9117
51188
4820
92999
131377
152206
57467
100874114
25994
729083
1238
100506243
1582
389114
729085
84892
54861
100873954
55129
51099
406929
375337
285343
353274
285346
55888
285349
10168
7584
91392
115560
57456
56992
131616
693149
7047
51304
23016
7123
64866
25907
23395
100885795
8994
644714
22908
54716
54585
10803
79443
10663
2829
1232
1230
729230
1234
9034
4057
83597
79442
6997
259173
259236
29122
100287362
729756
377047
339906
4634
5745
151903
23218
100129354
29072
285352
64147
23276
25930
22937
54859
10675
6599
22907
100302232
4134
993
100616407
820
51385
101060195
10201
646424
100313840
285231
5364
79714
51372
84126
84126
11277
51246
5210
90226
1294
100313843
7384
440955
102465495
65010
1951
100616112
51517
51447
5576
100506637
788
646450
10425
54681
11180
55152
494337
25915
406966
3615
54870
102465536
5859
10869
3913
64925
200942
646498
339834
100422952
375341
100422952
7375
2876
387
6988
275
84276
1605
100132677
8927
327
4485
63891
386724
386724
29925
9807
389118
389119
100847079
7318
100847079
10293
79012
4486
84315
10180
10181
6405
693151
2779
2771
101928931
102465526
7869
132228
7866
8372
24142
3373
8692
11334
11186
51364
10641
11068
11070
9254
101928965
51161
51409
1154
7867
100616138
1795
7873
29890
9730
23132
51368
2912
440956
100506840
401067
389123
101928999
389124
132141
9136
10039
118442
57060
84836
25864
95
95
6159
1849
25886
211
54106
11344
101929029
132160
80335
406890
132158
406925
25981
8314
51533
56920
7134
11188
23166
64943
440957
55193
100113381
26354
692089
692109
55830
28972
6787
3697
3699
3700
389125
100526772
375346
375346
51460
91869
5580
7086
55802
776
55349
55540
93973
58515
55799
100616234
790952
100874237
57408
7474
26059
100500875
285331
23272
50650
100874200
353324
54756
8820
26060
142686
201625
201626
378
201627
101929159
7871
2317
101929182
1776
57406
11102
54899
5162
200845
8309
11170
131177
200844
101929238
2272
5793
100506994
57415
55079
8618
285401
132204
100874016
132203
80145
100874039
6314
100507062
9861
100652759
100287879
166336
100874242
100874243
56999
101929335
100507098
9223
151877
100873983
115286
26018
84541
8801
101927111
101927090
407738
151647
285203
7110
100422859
9039
10550
56203
23150
4286
101927152
27086
100302112
317649
2850
60675
285286
201617
23429
55164
727936
151987
55096
23024
101927249
101927346
5067
100846999
100616394
692099
100302212
100288801
651959
401074
100131827
100422955
6092
6091
100500877
728290
2632
440970
253559
100847077
100874037
100874038
101927494
389136
100616161
25978
5449
3355
8545
55279
285237
2042
5627
200894
415117
200895
63899
255025
100287639
100463486
285220
84100
131544
131544
84864
200959
81050
26341
403273
403274
79295
79310
403278
403277
26339
402135
56650
1371
2838
100874207
10402
131566
100873741
100506377
1295
84319
11259
100500859
644444
55773
56954
9868
348801
55076
84873
10342
25890
50939
57337
131909
54931
57092
27107
100009676
6152
285359
79598
91775
64332
152225
152225
131368
100616336
214
868
100302640
344595
101929579
84692
101929607
56987
151658
285205
961
101929623
55081
11148
22989
57650
9666
84666
50852
9626
27136
401081
677779
151871
55211
401082
100616129
100506555
25945
10225
79413
257068
90102
55347
29114
344805
79669
693152
257144
285335
4345
151888
64422
55032
100506621
151887
101929694
344807
131450
29083
29083
25871
101929717
91653
55779
100874029
152185
54847
100616476
205717
80218
523
54762
254887
57577
79691
1814
101929734
7634
201633
693153
26137
100131117
100616166
2596
4045
101926903
285194
100616485
100506724
152404
100506765
152405
7348
8702
57514
55254
56983
51300
941
141
51365
64091
10063
89876
8856
2932
165829
116064
11167
4710
3081
285282
2960
101926983
9515
100847043
10721
503582
51725
3059
2804
9657
55840
6565
286676
942
846
1475
131076
26355
54554
3836
83666
151636
165631
54625
79663
84925
100129550
54437
102465667
10954
26984
111
201562
100506826
4638
64770
54763
8997
100847021
7372
100422864
3693
56667
57493
84561
100847039
7707
8723
114885
100302204
100125556
200810
152015
54946
10840
100874204
100862662
644662
28999
100506907
348807
79364
131669
166012
152065
645840
114112
645840
255330
84303
5361
285311
101927123
101927149
131601
4171
50512
80325
11343
166348
29927
8607
60678
165721
285224
2624
101927167
23434
6184
7879
653712
28976
57501
79825
2815
339122
100534599
57461
7555
22820
56941
8971
132241
677797
90288
8930
101927266
55764
6010
132243
23129
23023
100507032
7200
256076
131873
30849
27032
28990
79858
339874
152195
131870
11222
677836
131034
100847040
55
23317
84129
27031
51554
79876
348808
66000
101927455
8419
85003
55573
11073
7018
58477
51560
80111
6578
100507210
6259
51421
100616281
100616281
25847
80254
2047
339855
5523
55167
5096
10274
80723
101927597
4690
53833
8403
100507274
51208
199221
51146
51163
25852
347736
22808
83850
80321
55179
5291
668
401089
729627
56945
389151
389152
60467
9276
100507291
5948
5947
349565
64084
101927808
287015
55186
92369
92370
253461
5922
9616
131890
483
7029
256356
256356
54464
545
5357
7220
26577
100507389
344838
101927832
23350
100289361
9435
285195
100885796
205428
5352
57088
57047
5359
389158
101927866
84107
7545
100507461
185
1360
1359
2992
6596
100873945
84343
1356
116441
4071
100874091
7104
25937
100128025
51122
389161
11342
5217
101927992
101928022
9819
101928061
27230
83939
51714
131831
6478
116933
7401
116931
29909
9934
53836
53829
64805
285313
100847036
344752
101928142
201651
13
56670
4154
401093
645843
5028
5912
152118
100507524
26084
170506
344758
4311
101928190
100507537
23007
100874035
285315
9197
8833
7881
100874083
100874084
6747
25976
730091
647033
389170
339894
100498859
57018
79674
5806
152078
6474
51319
100996447
4291
85476
56925
5918
64747
100287290
100505385
29970
654502
100500803
29970
101928376
3592
730109
401097
57560
57560
10051
406949
406951
286827
3840
677767
80117
151742
8706
51068
165679
101243545
131149
647107
100302148
6476
101928405
22865
590
79740
5276
151790
11235
5274
100996456
27333
93556
693136
100507661
2122
7012
84517
55892
151827
344657
79782
344658
100128164
7095
26996
80012
5584
6498
5010
57709
101928583
200916
56648
6514
23043
693154
5337
389177
101928615
64778
2693
8743
57552
1894
83893
22871
254827
100862679
100616395
100505547
101928684
79718
100820709
100505566
10242
100874330
64393
101928739
5290
27094
51193
55669
59345
86
57129
4711
8975
51555
101928790
100505609
151613
101928882
339829
8087
131118
347689
101954271
26827
26826
6657
100996490
401103
23200
54165
56922
27074
23101
101928934
84002
100505687
89857
54800
55689
79929
55486
100616127
10057
100873982
200909
170572
285242
101930555
8893
1857
1173
55324
90113
100187716
10195
9718
94032
5708
1981
692107
131408
1181
5437
7066
8646
2049
64110
100505710
101928992
23355
285382
339926
1962
100847054
9175
90407
200879
59343
10644
100847078
6434
2119
1608
253573
1427
55171
51726
197
26998
3273
3827
100302143
677847
619568
619567
6043
1974
677847
619568
5984
9370
100874095
6480
116832
101929106
132112
5648
64108
6750
344892
604
339929
4026
100873917
407020
285386
100874027
8626
100126340
55214
9076
10686
131920
3556
647309
344901
257313
152137
152138
101929175
2257
151963
57110
344905
84239
4976
100873941
647323
100505902
285389
3280
100505920
101929337
1370
131578
2814
79572
401106
100507033
100507297
93109
55341
131583
100507391
152002
100874528
100422926
101410543
23527
5504
101930485
347
693155
200958
4585
101929697
10188
727956
255812
7037
401109
131540
200931
5130
255758
116211
116211
26043
100874034
165918
255798
348793
200933
101929769
375387
54965
84984
5062
100302742
205564
22916
152217
80235
4241
100507057
1739
100616216
100507086
100129516
100129516
622
220729
101930159
9711
100126321
84248
84859
84223
6165
89782
348840
101928670
153478
389257
133957
6389
102467073
10016
57491
116349
11336
100288152
6550
100616381
100996325
55722
11076
79844
653082
65980
9319
100506688
85409
10723
100616479
101928857
340024
348932
7015
100616235
81037
100506791
6531
79888
100422966
64979
4726
101929034
50805
101929081
153572
153571
102467074
285577
102467075
79192
101929153
101929176
170690
23379
401172
84246
134111
255167
54888
6715
100505625
11044
101929261
108
134121
4552
79072
729506
100616142
100505738
101929284
9037
100616326
101929338
100505806
100113384
50834
285692
134145
22948
134147
10299
100505845
83853
101929412
651746
1611
1501
1767
7204
54491
90268
56172
100616271
101929454
23194
101929472
100126347
441061
101929505
90441
54463
101929524
4651
10409
285696
2498
401177
646241
1016
728411
375513
100506217
1010
5369
56979
1008
340107
101927838
1007
643401
729862
101929681
1004
29102
55322
23037
100422874
64083
54545
51663
693164
10923
4883
340113
6897
81792
51289
51151
23600
114899
100653061
646652
26064
101929704
153657
5810
55299
134218
64902
5618
79925
3575
133690
100506406
133688
167127
92255
693165
6502
133686
202151
6507
25836
65250
9631
55100
2668
100861519
101929745
133584
100852408
100506475
3977
100506495
100500824
100500824
101926904
9180
253260
2533
735
101926921
1601
101926940
102467077
5734
23548
5562
6167
619564
84674
730
133558
729
345557
5019
100874002
285636
26272
2690
100129792
6414
648987
101927030
389289
153684
100506639
7690
167359
3157
56477
64417
375444
10605
100652772
23530
2255
101927075
100506674
10884
348980
133418
79668
100287592
642366
3670
3672
53918
3673
4338
257396
10468
4724
54622
693166
100616233
8988
112574
11082
102467081
3003
3001
166979
493869
554213
693123
100313923
345643
10309
54505
23517
8611
100847019
379013
153129
54514
133396
3572
441072
79722
101928448
4214
133383
166968
65056
345651
100996645
101928539
101928569
10769
202309
100616339
115827
5144
693167
25859
55789
79993
1161
91942
643155
101928630
57688
285668
101928651
100506526
3796
27292
51194
1163
100130733
3350
285671
401190
100132916
285672
10283
11174
64105
23398
373
80006
54557
57486
55914
140890
101928741
101928769
375449
4064
101928858
5295
101928885
64924
891
64946
92259
1022
202243
102157402
6880
5884
153562
101928924
100506658
100049076
653188
730394
728340
101929573
101929545
101928967
728093
728492
8293
6607
6606
653238
101929812
101929810
101929599
101060549
101060368
441081
728492
8293
6607
6606
4671
728340
2966
5370
55814
64087
9607
4131
100616377
23107
79810
167465
102477328
3842
100616152
115548
134285
134288
2297
689
57763
84135
64283
102503429
101929082
8507
3074
84340
10412
26049
51301
256006
3156
10087
51426
728780
134359
22987
10788
101929109
2151
2149
2150
170591
1393
55109
84327
677828
8622
55255
23440
6902
8546
728769
9522
10184
411
29958
23743
635
133746
9456
167153
202333
345778
7060
101929215
256987
84654
441089
9765
167555
340120
1719
100462981
4437
102524628
5924
100131067
1160
84240
134526
23635
83734
6228
645079
92270
153339
677765
7518
1462
1404
10085
285622
1350
100500805
100505878
100422887
5921
902
153396
100505894
102546226
645323
407047
4208
101929423
100500825
101929495
1070
153364
10622
116068
84059
729040
100505994
57561
441094
7025
83989
100313887
134187
285600
84250
79772
153643
9652
153642
285601
317671
83890
22836
2745
22936
693168
5122
831
51752
64167
4012
167410
55781
102546227
285704
503569
1105
345757
7903
100302288
353189
133482
100861468
285708
5066
54826
23262
90355
102467212
83594
9366
102467213
1946
64839
100652853
2241
285638
9867
4124
100289673
642987
100302159
91137
85480
134430
814
134429
100505678
9315
100873948
64097
114915
654322
101927023
324
6728
7905
6728
167227
4163
83942
64848
101927041
3781
101927059
55521
5229
153733
56929
100302736
353376
100302736
353376
101927100
100302736
51014
1036
9140
1176
206338
644100
51397
57556
101927233
102467223
100505811
101927280
102467225
285605
1657
100847085
25816
3295
340069
51334
102467226
94033
153443
4015
133923
9627
153163
101927379
6643
28966
5480
93166
153241
1456
57507
101927421
401397
101927460
102546228
65983
501
51808
389320
4001
115123
401207
84466
133619
613212
728586
101930640
101929964
644873
6558
2201
28965
51015
100616175
100616325
171019
100127206
337876
3094
90624
56990
51735
96459
23305
101927693
3562
1437
100861518
101927705
8974
8572
6583
553103
100500865
6584
3659
3567
10111
101930600
101927761
3596
3565
101927783
11127
645121
23176
134548
134549
2661
27089
116842
27125
11017
54819
3308
100506102
23105
100302134
56951
7416
6932
6500
5515
51265
100500905
7320
91368
102546229
101927934
23338
51128
10802
819
9879
134553
79770
84105
100616209
100616209
347732
5307
100996485
101927953
340073
9555
140947
497189
4762
9547
340074
100847082
153328
3578
3950
26223
7045
100126299
9597
4090
389332
57113
6695
26249
100126343
10949
4888
9499
27039
51306
7478
8382
10902
10112
8697
2676
995
51307
51780
51308
1958
2107
3313
26785
1495
26045
64374
724102
9782
26821
51247
51247
9963
51237
389333
202051
202052
641700
340061
7322
51523
101929696
84249
9542
100505636
5813
492311
84418
5201
1839
83697
404734
54882
404734
54882
10011
8637
102465499
10307
113829
929
4695
55374
3550
100500820
54853
373863
101928623
3035
23438
153527
56664
56663
56662
56147
56146
56146
56145
56144
56143
56142
56141
56140
9752
56139
56138
56137
56138
56136
56135
56134
29930
56133
56132
56131
26167
56130
56129
56128
57717
56127
56126
56125
56124
56123
56122
54660
84054
56121
83884
6879
101930113
101926922
56114
56113
56112
56104
56111
56103
56110
56102
56109
56108
56101
8641
9708
5098
56107
56100
56106
56099
56105
5098
56120
26025
5098
56098
56097
5098
1729
100505658
8841
285613
89848
64411
5097
9812
51294
9604
10007
80762
81848
101926941
2246
23092
100874239
2908
100846991
57824
81555
57528
153768
643226
153769
153770
51520
54439
5459
10915
134391
5521
100874361
202374
1809
9832
6690
117156
389336
11005
408187
404203
153218
102546294
84651
643394
81545
3360
154
79628
693169
22885
101927031
134265
134266
78991
27190
728264
406935
406937
1452
1452
389337
133522
494327
5145
1836
81789
22993
1436
5159
1044
6534
815
340075
6949
972
6208
102546298
101930135
3340
11346
91977
55696
51164
85027
345611
91975
2878
10318
309
26112
2760
285641
153201
206358
2196
6678
101927096
475
10146
2741
101927115
56923
101927134
2890
10827
4238
55568
386627
100302181
79685
9421
100422950
100302284
23367
10826
100616306
9337
25929
29093
285643
6444
153743
91937
26762
84868
9443
3702
153745
26999
408263
101927675
8728
348938
11063
100190949
54974
134353
9685
1879
101927740
153830
134510
285626
3593
285627
101927766
147
7265
114825
2172
79616
114898
63920
10569
9232
406938
100422938
23120
285629
2561
2559
2554
2566
900
134492
3161
101927813
27430
102546299
101927835
102557615
101927908
57451
101927885
101927862
23286
5917
79646
100302238
406895
6586
101927969
407001
101927927
728095
693170
54908
1794
100131897
100616498
2299
133874
3937
257358
30820
3779
101928033
100616234
2568
64901
30012
100500831
4869
8817
644994
23291
6793
285588
92181
285590
54492
100847029
1843
57222
100268168
51121
8992
677841
153222
662
1482
8614
285593
91272
101928136
101928154
80315
133491
51617
4488
100616202
441116
1812
94081
3274
10814
84321
100507387
285596
202134
643201
375484
57179
285598
100302203
51491
192286
1212
23197
22838
54825
114787
6620
100422962
253314
26262
102577424
90249
3101
51720
23567
2264
64324
53917
83463
27166
10960
10636
6569
345456
2161
2870
340037
80758
1627
9260
79930
51428
54540
54732
11285
202181
285596
728554
100128340
5626
101930363
101928349
23138
64777
55651
64396
3182
85007
91522
57396
6940
729522
117608
80108
285676
2916
345462
30832
9509
80230
101928445
3187
285679
646019
821
9794
4056
11282
100302156
8878
51149
23061
55819
442908
255426
5601
9945
57472
92304
2324
100652782
134083
4245
729678
643836
79908
10917
153579
26693
285659
102577426
81786
90933
100616342
619571
619570
10399
619571
619570
84851
100507602
101930209
101929850
101929823
101929822
101928706
729759
81399
26683
